device 1

Decimal: 5522771 (24Bit) Binary: 010101000100010101010011 Tri-State: FFF0F0FFFF01 PulseLength: 161 microseconds Protocol: 1
Raw data: 5019,182,469,514,141,184,469,514,142,182,471,512,143,183,470,181,467,181,464,509,140,182,465,507,142,180,465,509,140,181,466,507,142,180,467,507,141,180,467,507,142,508,143,507,143,508,143,506,145,

Decimal: 5522780 (24Bit) Binary: 010101000100010101011100 Tri-State: FFF0F0FFFF10 PulseLength: 162 microseconds Protocol: 1
Raw data: 5045,165,486,503,153,169,487,500,153,169,487,502,153,167,489,164,490,163,489,498,156,168,488,166,487,165,488,500,155,166,491,498,155,165,491,499,156,167,488,500,155,502,160,498,158,163,494,158,148,

device 2

Decimal: 5525843 (24Bit) Binary: 010101000101000101010011 Tri-State: FFF0FF0FFF01 PulseLength: 162 microseconds Protocol: 1
Raw data: 5044,167,486,504,151,169,485,505,151,168,488,503,150,168,488,165,489,165,487,503,152,167,490,500,154,166,490,163,490,163,490,500,154,166,490,501,155,164,490,501,154,165,492,160,493,501,155,501,158,

Decimal: 5525852 (24Bit) Binary: 010101000101000101011100 Tri-State: FFF0FF0FFF10 PulseLength: 162 microseconds Protocol: 1
Raw data: 5043,170,482,508,147,173,483,506,149,169,486,506,149,170,487,166,486,165,488,506,150,170,485,504,151,168,488,164,490,165,487,504,150,170,486,506,148,170,488,504,149,507,154,506,152,167,490,343,306,

device 3

Decimal: 5526611 (24Bit) Binary: 010101000101010001010011 Tri-State: FFF0FFF0FF01 PulseLength: 163 microseconds Protocol: 1
Raw data: 5062,151,501,488,169,154,498,492,164,153,501,490,168,149,503,154,502,152,500,486,167,148,510,486,168,150,506,485,171,146,509,148,507,144,509,481,174,149,504,486,165,154,505,149,505,488,168,489,168,

Decimal: 5526620 (24Bit) Binary: 010101000101010001011100 Tri-State: FFF0FFF0FF10 PulseLength: 162 microseconds Protocol: 1
Raw data: 5038,173,480,512,142,176,479,512,143,176,481,510,143,176,480,174,480,174,480,510,143,175,482,509,144,177,481,508,145,174,484,171,481,171,482,509,145,173,483,508,149,508,148,511,149,172,484,167,487,

device 4

Decimal: 5526803 (24Bit) Binary: 010101000101010100010011 Tri-State: FFF0FFFF0F01 PulseLength: 161 microseconds Protocol: 1
Raw data: 5014,196,459,525,132,194,460,525,131,193,461,524,133,192,461,192,462,192,461,520,130,192,455,520,130,193,452,522,131,190,457,521,123,200,453,519,131,190,458,518,131,520,132,518,133,519,134,518,132,

Decimal: 5526812 (24Bit) Binary: 010101000101010100011100 Tri-State: FFF0FFFF0F10 PulseLength: 161 microseconds Protocol: 1
Raw data: 5016,192,461,524,133,192,461,523,133,193,462,523,132,192,463,191,462,191,462,523,133,191,463,522,135,190,463,522,135,191,463,521,134,191,464,190,463,189,464,521,135,524,136,523,134,189,466,188,465,
