device 1

Decimal: 4527411 (24Bit) Binary: 010001010001010100110011 Tri-State: F0FF0FFF0101 PulseLength: 232 microseconds Protocol: 1
Raw data: 7220,236,696,700,232,232,700,232,700,232,700,700,232,232,700,696,232,232,700,228,700,232,696,696,236,232,696,696,236,232,696,696,236,228,700,232,696,232,700,232,696,232,700,232,696,232,700,232,696,

Decimal: 4527420 (24Bit) Binary: 010001010001010100111100 Tri-State: F0FF0FFF0110 PulseLength: 233 microseconds Protocol: 1
Raw data: 7232,232,700,700,232,232,700,232,704,232,700,696,232,232,700,696,232,232,700,232,696,232,700,696,232,232,700,696,236,228,700,696,236,228,700,232,700,228,700,232,700,228,700,232,700,232,696,232,700,

device 2

Decimal: 4527555 (24Bit) Binary: 010001010001010111000011 Tri-State: F0FF0FFF1001 PulseLength: 232 microseconds Protocol: 1
Raw data: 7220,236,696,696,236,232,700,232,700,232,696,696,236,232,696,696,236,232,696,232,700,228,700,696,232,232,700,696,232,232,700,696,232,232,700,232,696,232,700,232,696,232,700,228,700,232,700,228,700,

Decimal: 4527564 (24Bit) Binary: 010001010001010111001100 Tri-State: F0FF0FFF1010 PulseLength: 232 microseconds Protocol: 1
Raw data: 7216,228,700,696,236,232,700,232,696,232,700,696,236,232,696,700,232,232,700,232,696,232,700,696,236,232,700,696,232,232,700,696,232,232,700,232,696,232,700,232,696,232,700,232,696,232,700,232,696,


device 3


Decimal: 4527875 (24Bit) Binary: 010001010001011100000011 Tri-State: F0FF0FF10001 PulseLength: 232 microseconds Protocol: 1
Raw data: 7220,236,696,696,236,232,700,232,700,232,696,700,232,232,700,700,232,232,700,232,696,232,700,696,232,232,700,696,232,232,700,696,232,232,700,228,700,232,700,228,700,232,700,228,700,232,700,228,700,

Decimal: 4527884 (24Bit) Binary: 010001010001011100001100 Tri-State: F0FF0FF10010 PulseLength: 232 microseconds Protocol: 1
Raw data: 7216,232,696,700,232,232,700,232,696,232,700,696,236,232,700,696,232,232,700,232,700,232,700,696,232,232,700,696,232,232,700,696,232,232,700,232,696,232,700,232,700,228,700,232,700,228,700,232,700,
