device 1

Decimal: 5248307 (24Bit) Binary: 010100000001010100110011 Tri-State: FF000FFF0101 PulseLength: 209 microseconds Protocol: 1
Raw data: 6504,232,612,616,236,188,656,620,236,188,652,192,652,188,656,188,656,184,652,188,656,188,656,620,232,192,652,620,236,188,656,620,236,192,652,188,652,624,236,616,240,188,656,188,652,624,236,620,240,

Decimal: 5248316 (24Bit) Binary: 010100000001010100111100 Tri-State: FF000FFF0110 PulseLength: 209 microseconds Protocol: 1
Raw data: 6504,232,612,620,240,188,652,492,380,24,820,16,812,192,656,192,648,192,652,192,652,188,656,620,240,188,652,624,236,188,656,620,236,192,656,188,656,620,236,620,236,624,240,620,236,188,656,188,656,


device 2

Decimal: 5248451 (24Bit) Binary: 010100000001010111000011 Tri-State: FF000FFF1001 PulseLength: 209 microseconds Protocol: 1
Raw data: 6500,232,608,620,240,184,656,620,236,188,652,192,656,184,656,188,656,184,656,184,652,188,656,620,236,188,656,620,236,188,656,616,236,620,240,620,236,188,656,188,652,192,652,188,656,620,236,620,240,

Decimal: 5248460 (24Bit) Binary: 010100000001010111001100 Tri-State: FF000FFF1010 PulseLength: 209 microseconds Protocol: 1
Raw data: 6484,236,612,612,240,184,652,620,236,188,652,188,656,188,652,188,652,188,656,188,652,188,652,616,236,188,652,624,232,188,656,616,240,616,236,620,236,188,652,188,656,620,236,620,236,188,660,180,656,

device 3

Decimal: 5248771 (24Bit) Binary: 010100000001011100000011 Tri-State: FF000FF10001 PulseLength: 209 microseconds Protocol: 1
Raw data: 6484,232,608,616,236,188,652,620,232,188,652,188,652,188,652,184,652,188,652,188,656,184,652,620,240,184,652,620,236,620,236,616,240,188,652,188,656,188,652,192,652,188,652,188,652,620,236,620,236,

Decimal: 5248780 (24Bit) Binary: 010100000001011100001100 Tri-State: FF000FF10010 PulseLength: 209 microseconds Protocol: 1
Raw data: 6484,232,608,612,240,184,656,612,244,180,656,188,652,188,656,184,656,184,652,188,656,180,656,616,236,188,652,616,236,620,244,608,240,188,656,184,656,184,656,184,656,616,236,616,240,184,660,184,656,
