Decimal: 5510451 (24Bit) Binary: 010101000001010100110011 Tri-State: FFF00FFF0101 PulseLength: 235 microseconds Protocol: 1
Raw data: 7288,236,704,704,236,236,704,704,236,236,708,704,236,232,708,232,708,232,708,232,708,232,708,704,236,236,704,704,236,236,704,704,240,232,704,236,704,708,236,704,236,236,704,232,704,236,704,232,708,

Decimal: 5510460 (24Bit) Binary: 010101000001010100111100 Tri-State: FFF00FFF0110 PulseLength: 235 microseconds Protocol: 1
Raw data: 7296,232,708,704,236,232,704,704,236,236,704,704,236,232,704,236,704,236,704,232,708,232,704,704,236,232,708,704,236,232,704,704,236,232,708,232,704,236,704,232,708,232,704,236,704,232,708,232,704,

Decimal: 5510595 (24Bit) Binary: 010101000001010111000011 Tri-State: FFF00FFF1001 PulseLength: 234 microseconds Protocol: 1
Raw data: 7288,232,704,704,240,232,708,700,240,232,708,704,236,232,704,236,704,232,704,236,704,232,708,700,236,236,704,704,232,236,704,704,236,232,704,236,704,232,704,236,704,232,708,232,704,236,704,232,704,

Decimal: 5510604 (24Bit) Binary: 010101000001010111001100 Tri-State: FFF00FFF1010 PulseLength: 234 microseconds Protocol: 1
Raw data: 7276,236,704,700,236,236,704,704,236,232,708,700,236,236,704,236,704,232,708,232,704,236,704,704,236,232,708,704,236,232,704,704,236,704,236,704,236,232,704,236,704,704,236,704,236,232,708,232,704,

Decimal: 5510915 (24Bit) Binary: 010101000001011100000011 Tri-State: FFF00FF10001 PulseLength: 234 microseconds Protocol: 1
Raw data: 7280,232,708,700,236,236,704,700,236,236,704,704,236,232,704,236,704,232,704,236,704,232,704,712,228,232,708,700,236,236,704,700,236,236,704,232,708,232,704,232,708,232,704,236,704,232,704,236,704,

Decimal: 5510924 (24Bit) Binary: 010101000001011100001100 Tri-State: FFF00FF10010 PulseLength: 234 microseconds Protocol: 1
Raw data: 7276,236,704,700,236,236,704,704,236,232,704,704,236,232,704,236,704,232,708,232,704,232,708,700,236,236,704,700,236,236,704,704,236,232,704,236,704,236,700,236,704,232,704,236,704,232,708,232,704,