Decimal: 283955 (24Bit) Binary: 000001000101010100110011 Tri-State: 00F0FFFF0101 PulseLength: 229 microseconds Protocol: 1
Raw data: 7120,232,688,228,688,228,692,228,688,232,688,688,232,228,688,228,688,228,688,688,232,228,688,684,232,228,688,688,232,228,688,684,232,228,688,228,688,228,692,228,688,228,688,228,688,228,692,228,688,

Decimal: 283964 (24Bit) Binary: 000001000101010100111100 Tri-State: 00F0FFFF0110 PulseLength: 229 microseconds Protocol: 1
Raw data: 7128,228,688,232,688,228,692,228,692,228,692,688,232,228,692,228,692,228,692,688,228,232,688,688,232,228,688,688,228,232,688,688,228,228,692,228,688,228,688,228,692,228,688,228,692,228,688,228,688,

Decimal: 284099 (24Bit) Binary: 000001000101010111000011 Tri-State: 00F0FFFF1001 PulseLength: 229 microseconds Protocol: 1
Raw data: 7120,228,688,228,692,228,688,232,688,228,692,688,228,228,692,228,688,232,688,688,232,228,688,688,232,228,688,688,232,228,692,688,228,688,232,688,232,228,688,228,692,228,692,228,688,228,688,228,692,

Decimal: 284108 (24Bit) Binary: 000001000101010111001100 Tri-State: 00F0FFFF1010 PulseLength: 229 microseconds Protocol: 1
Raw data: 7112,232,684,228,692,228,692,228,688,228,688,688,232,228,688,228,692,228,688,688,232,228,688,688,228,232,688,688,228,228,692,688,228,688,232,684,232,228,692,228,688,228,688,228,692,228,688,228,688,

Decimal: 284419 (24Bit) Binary: 000001000101011100000011 Tri-State: 00F0FFF10001 PulseLength: 229 microseconds Protocol: 1
Raw data: 7120,232,688,228,688,228,692,228,688,228,692,688,232,228,688,228,692,228,688,688,232,228,688,688,232,228,692,684,232,688,232,688,228,228,692,228,692,228,688,228,692,228,688,228,692,688,228,688,232,

Decimal: 284428 (24Bit) Binary: 000001000101011100001100 Tri-State: 00F0FFF10010 PulseLength: 229 microseconds Protocol: 1
Raw data: 7112,228,692,228,688,228,692,228,688,228,688,688,232,228,688,228,692,228,688,688,232,228,688,688,228,228,692,684,232,688,232,684,232,228,688,228,692,228,688,228,688,688,232,688,232,228,688,228,688,